0.4131059135006423,0.03767855757477023,0.5492155289245875
0.24798085022409122,0.10490332535595814,0.6471158244199506
0.2081853446195605,0.7330714214157112,0.05874323396472825
0.5806036717857792,0.26635171199270724,0.15304461622151355
0.006889081476380898,0.0970004674827245,0.8961104510408946
0.5838802356062303,0.09595928920519992,0.3201604751885698
0.014856726725949843,0.5903024914337625,0.3948407818402877
0.09701830847711901,0.16793284875219805,0.7350488427706829
0.7598934897319616,0.01529553059580091,0.2248109796722375
0.032011542381601865,0.3763913487803503,0.5915971088380478
0.8573905961622534,0.13201424090500846,0.0105951629327381
0.4817554119286127,0.4673290236679921,0.050915564403395175
0.23594519813072767,0.389287974754688,0.3747668271145843
0.5511686403962253,0.23188508812308162,0.21694627148069312
0.452074028563372,0.11947083128450586,0.42845514015212216
0.2723780546096286,0.4687810538967043,0.25884089149366707
0.012927656713349833,0.7947725598107436,0.1922997834759066
0.23304908067119845,0.6364760976204731,0.13047482170832847
0.24103702248442005,0.6821447070735784,0.07681827044200151
0.062052627962838836,0.227793686496095,0.7101536855410662
0.27880438425397447,0.3773299931708982,0.3438656225751273
0.25762756432708556,0.624128564194911,0.11824387147800342
0.3797255786985654,0.02051589010586441,0.5997585311955702
0.36582617696574693,0.05803844593055252,0.5761353771037006
0.24280562092971159,0.6935985221253507,0.06359585694493775
0.014959423296609708,0.9382970749111084,0.04674350179228193
0.09120327242544057,0.7280791653897902,0.1807175621847692
0.12836991803936137,0.09734784155925369,0.7742822404013849
0.05517069461875934,0.24507063083459513,0.6997586745466455
0.5013454827325639,0.10425086759627256,0.3944036496711636
0.1992562864235239,0.6029589203274737,0.19778479324900244
0.22303777475755648,0.7757726810754022,0.001189544167041312
0.3478693590739723,0.3823222585548849,0.2698083823711428
0.8624817722742943,0.061902733147288336,0.07561549457841732
0.024257965213103194,0.7092152159830682,0.26652681880382856
0.2835707733902193,0.6260201230443907,0.09040910356539
0.05913338032804161,0.2284755764423405,0.7123910432296179
0.5391052325216104,0.06449934007108249,0.39639542740730715
0.4173579713525051,0.08459619026768794,0.498045838379807
0.32452825447908196,0.39329601978300555,0.2821757257379125
0.11167673230125041,0.3556200101022464,0.5327032575965032
0.10676175540165223,0.420597309127166,0.4726409354711818
0.4237377774725235,0.06102849482598094,0.5152337277014956
0.8981331792527305,0.023077155395054616,0.07878966535221488
0.11093751547327835,0.638403466615109,0.2506590179116126
0.5119753251161401,0.452200476946115,0.03582419793774494
0.08711808072475047,0.6278637125417075,0.28501820673354206
0.7136040477077867,0.18360381617933474,0.10279213611287852
0.22918956097228582,0.569353914681187,0.20145652434652717
0.27650404377421256,0.5756330158026683,0.1478629404231191
0.08978349239391892,0.4342293691058452,0.4759871385002359
0.3984822159400794,0.5030101915139387,0.09850759254598196
0.39327220759906445,0.12160778413242967,0.4851200082685059
0.12720219879388295,0.5423587844513544,0.3304390167547626
0.6772605093802289,0.039813916612637446,0.2829255740071337
0.5191796848297756,0.06157684296949428,0.4192434722007301
0.10422720025158738,0.8626866707802838,0.03308612896812879
0.5922472910553727,0.1711643695652587,0.23658833937936863
0.8125346487299325,0.018924368609730235,0.16854098266033724
0.7170696531242793,0.20118930220018982,0.0817410446755309
0.11682504705045171,0.248166233104834,0.6350087198447143
0.4762631038168914,0.25875583013114034,0.26498106605196825
0.07494311629800499,0.4668825406261232,0.4581743430758718
0.06017913029210442,0.3542481276253453,0.5855727420825503
0.5361759286261496,0.31236740064616897,0.15145667072768143
0.35578925031446285,0.481382828017455,0.16282792166808213
0.7925914485260099,0.022349062394463992,0.18505948907952607
0.032233317039075615,0.624955419018165,0.3428112639427594
0.5132081121085932,0.04233805056503748,0.44445383732636934
0.11125503964579653,0.8510909709276413,0.03765398942656217
0.6025630361001946,0.19933168738005502,0.1981052765197504
0.2461711545704406,0.46146036451267336,0.29236848091688605
0.11132277929092238,0.14022161601078365,0.748455604698294
0.15071744210399185,0.5903599416527057,0.2589226162433025
0.2616302951887681,0.0941712802900454,0.6441984245211865
0.7083625055581748,0.2732617803080406,0.018375714133784582
0.05050473983891424,0.47624646254694114,0.4732487976141446
0.6141649923101107,0.0036850399721304328,0.3821499677177589
0.02197918669263177,0.5049592791925861,0.47306153411478213
0.6629296048860074,0.28558716458269195,0.05148323053130066
0.11782786157609015,0.2410407279762441,0.6411314104476658
0.1486099659471145,0.07250407196698094,0.7788859620859045
0.3343543823782702,0.6597338510911264,0.005911766530603435
0.7582216194064437,0.0931042364251744,0.14867414416838187
0.02419805119804752,0.37022769807976497,0.6055742507221875
0.330281905535426,0.3940813238356129,0.2756367706289611
0.3128798591854509,0.6186550989385173,0.06846504187603175
0.6609262878355955,0.33101562085185265,0.008058091312551863
0.09541988924609379,0.07545887931555906,0.8291212314383472
0.44133418373191935,0.2853491315089425,0.2733166847591382
0.4349892491107379,0.09271504506224981,0.4722957058270123
0.2117527597842379,0.06243685328159332,0.7258103869341688
0.05166857925530466,0.34533011608076514,0.6030013046639302
0.8471808851952658,0.003957511238555922,0.14886160356617828
0.15871037233951202,0.6663619293217313,0.17492769833875665
0.5820421610857152,0.40231675629878594,0.015641082615498902
0.5161684600318517,0.3725921949390858,0.11123934502906252
0.6141728294780222,0.09333911228813863,0.29248805823383917
0.5723845799435128,0.3220875970011656,0.1055278230553216
0.4825951334913714,0.39242455547765376,0.12498031103097484
0.568823424750438,0.2659696807744554,0.1652068944751066
0.19102345920453812,0.1998986914487879,0.609077849346674
0.7204863513809008,0.1769526784209352,0.10256097019816401
0.5403311759303693,0.29615833976378325,0.16351048430584747
0.08600266475668938,0.25387847622664483,0.6601188590166658
0.004463390109324283,0.6116745475187724,0.38386206237190335
0.3744435479651129,0.306619653567314,0.31893679846757306
0.16727982549512665,0.15632742488938423,0.6763927496154891
0.17743124237087127,0.12970712099326565,0.6928616366358631
0.061308540512733156,0.9213073783330521,0.017384081154214748
0.015852374165434613,0.017031200463637486,0.9671164253709279
0.014470154048182637,0.8273009719740918,0.15822887397772556
0.020947005530130847,0.08331461044136201,0.8957383840285071
0.30150348211854894,0.5742404691518068,0.12425604872964424
0.30315461872909943,0.6662436068985842,0.03060177437231637
0.011594814880214077,0.3137539850689439,0.674651200050842
0.3914557373635401,0.3352051098103366,0.2733391528261233
0.6441570392597475,0.024771729578059176,0.3310712311621933
0.40814784430697615,0.4379381661526929,0.15391398954033098
0.5473490833943031,0.17067063410939554,0.28198028249630136
0.03839219207927358,0.6832246316261017,0.2783831762946247
0.33801941972971394,0.43886162710122045,0.2231189531690656
0.38689354290570743,0.1200009951675598,0.49310546192673277
0.44447802974581374,0.11750871504391047,0.4380132552102758
0.4292784671250425,0.4496262682801959,0.12109526459476161
0.5645891491654642,0.15869223309929903,0.27671861773523676
0.559037797172391,0.04955102060737682,0.3914111822202322
0.10491458643013862,0.5636410940852168,0.3314443194846446
0.6043483018982387,0.07735290449439058,0.3182987936073707
0.6691307688956685,0.050428822024232156,0.2804404090800994
0.3036270212241603,0.5337900809517164,0.16258289782412327
0.9101546576306903,0.06234950269355366,0.027495839675756084
0.24420955998527627,0.275982088140976,0.4798083518737477
0.39340728479049014,0.2578235372812163,0.34876917792829354
0.16180350169442104,0.7980900584473274,0.040106439858251575
0.08263566398584854,0.9143336843385694,0.00303065167558203
0.052041675373761365,0.9028729528158883,0.04508537181035033
0.14776676112943687,0.5766121222674991,0.275621116603064
0.4711921163404216,0.13398050800238015,0.3948273756571983
0.08926745112820189,0.3998628115356013,0.5108697373361968
0.8630172317687657,0.016665386478251776,0.12031738175298257
0.861244308574618,0.11143147627242134,0.027324215152960685
0.8144910302026034,0.15655882538557875,0.02895014441181787
0.03950532246746996,0.33389365369294355,0.6266010238395865
0.5499684621900043,0.1191574076295494,0.3308741301804463
0.061974330917970555,0.6864008633444942,0.2516248057375352
0.05678847326857017,0.09767678718976547,0.8455347395416644
0.6146502900888684,0.36277249788361887,0.022577212027512727
0.08065317356242963,0.41729421350727613,0.5020526129302942
0.8353992614224106,0.07992982152790606,0.08467091704968333
0.48589676057277487,0.15159668982354124,0.3625065496036839
0.3235272261182276,0.19018885718741374,0.48628391669435866
0.02122263970643279,0.5508606573577979,0.42791670293576933
0.13698455381494345,0.5551462845023543,0.3078691616827023
0.3404094727131315,0.31361931149492395,0.34597121579194456
0.06468513282751487,0.16303045927760484,0.7722844078948803
0.5805996674079656,0.17545957218352703,0.24394076040850732
0.8007564961297591,0.0730125152079979,0.12623098866224303
0.6240606197981955,0.233650994911486,0.1422883852903185
0.7491931405087655,0.06049796907514948,0.190308890416085
0.4054339258149062,0.5384802169631124,0.05608585722198134
0.07645651764284311,0.11096429653123296,0.8125791858259239
0.19490273699487348,0.17382120044741223,0.6312760625577143
0.907390370458762,0.029276264872686975,0.063333364668551
0.1322566090389905,0.2629343672239717,0.6048090237370378
0.3144532188507869,0.39062444526625906,0.294922335882954
0.2237394733885405,0.19683298755897982,0.5794275390524797
0.361610584921793,0.006275764000777118,0.6321136510774299
0.12109230985802322,0.4837273682097343,0.3951803219322425
0.021220286651173703,0.1771600513511109,0.8016196619977154
0.4645943235174206,0.4779007685056975,0.0575049079768819
0.016931620576792206,0.363596281351555,0.6194720980716528
0.1416350530744237,0.4619307056236521,0.3964342413019242
0.5821951686195026,0.18588934708605498,0.23191548429444242
0.6495483444659489,0.25874488549018926,0.09170677004386185
0.850914421670786,0.10769908966368713,0.041386488665526855
0.41372416433743564,0.1382091161058061,0.44806671955675825
0.36382084799693537,0.07514163734396218,0.5610375146591025
0.07871624934461718,0.7482184482283354,0.17306530242704743
0.4625248565480071,0.0872482601438691,0.45022688330812377
0.11742550399260798,0.1911918709470053,0.6913826250603867
0.4043355145664904,0.29677651170171626,0.2988879737317933
0.07815770046236348,0.3631631346020112,0.5586791649356253
0.17279557875999418,0.06937163936013668,0.7578327818798691
0.76348744715303,0.0558942337294952,0.18061831911747483
0.22020373544010385,0.04714780070929114,0.732648463850605
0.18305850228350962,0.7638163066897758,0.053125191026714536
0.20301897442916061,0.19575553038859028,0.6012254951822491
0.23170147921750406,0.3098786908507152,0.45841982993178076
0.01979683342337979,0.9196642428161397,0.060538923760480534
0.7710545276710348,0.01230162218432218,0.21664385014464305
0.4643233804986584,0.06704120168932182,0.4686354178120198
0.23718620774475818,0.7307866765978273,0.03202711565741456
0.4504485370034852,0.3434869337046116,0.20606452929190322
0.007882217057743945,0.8696163238629897,0.12250145907926635
0.4188894819897522,0.18883995273595855,0.3922705652742893
0.6115622514796246,0.3673645575430806,0.021073190977294765
0.14194408791887692,0.520819604433145,0.3372363076479781
0.6445241508456798,0.2922670766210995,0.06320877253322066
0.5247360839747484,0.3289775451660628,0.14628637085918883
0.5276850601308845,0.07770701137443958,0.39460792849467596
0.7490053168724375,0.011894849161407928,0.23909983396615453
0.134362451499773,0.6144764812390062,0.2511610672612208
0.03489416347109486,0.6615448095195275,0.3035610270093776
0.22551983908284434,0.10316154902834396,0.6713186118888117
0.021296797955300706,0.5600029478215203,0.418700254223179
0.1925684473392928,0.60730304183477,0.2001285108259372
0.7523348818597979,0.07937157372624726,0.16829354441395483
0.48442162189738425,0.4032896271452713,0.11228875095734447
0.13240255221451225,0.15190748769690599,0.7156899600885818
0.3124097090309643,0.4797273303129046,0.20786296065613108
0.7351913533518826,0.11511749214286437,0.14969115450525305
0.4147900627602683,0.21466509135281142,0.37054484588692027
0.8276412581190333,0.029872538399764226,0.14248620348120244
0.11831035531040812,0.033950183086478125,0.8477394616031138
0.03551714402113859,0.148104628796647,0.8163782271822144
0.27136737006090783,0.33913295413429534,0.38949967580479683
0.4256296210012882,0.3733984469593232,0.20097193203938857
0.0844904448591639,0.19658592202869296,0.7189236331121431
0.4446349060882704,0.05337250815085026,0.5019925857608794
0.2014992458804057,0.7681992097146251,0.03030154440496924
0.09729484013743672,0.01979176782584946,0.8829133920367138
0.1773268997446733,0.6742604030386397,0.14841269721668704
0.30498019422495104,0.32879360191333373,0.3662262038617152
0.3321163268677578,0.10340734681318153,0.5644763263190606
0.39975409217508395,0.41060641695961353,0.18963949086530252
0.5537158110349161,0.4215282313874782,0.024755957577605736
0.7199651710025945,0.08438009066789909,0.19565473832950642
0.45850209805061737,0.2944117319031745,0.24708617004620814
0.2372034064678643,0.7342312185679358,0.028565374964199863
0.5328116322270233,0.28707220000507805,0.18011616776789863
0.5293335245056383,0.012103512427613206,0.4585629630667485
0.22331907158752018,0.49963213621424507,0.27704879219823475
0.3749589157435609,0.5193451055845542,0.10569597867188496
0.08513545444646398,0.4555530910093657,0.45931145454417033
0.27934382464785235,0.7007395502079545,0.019916625144193123
0.142835695891657,0.03904490050923348,0.8181194035991095
0.793227117450946,0.14856106203150454,0.05821182051754947
0.08089581412338598,0.7677562216126144,0.15134796426399966
0.5812623472888587,0.40248914224235466,0.016248510468786614
0.42914323510618013,0.03750186025410729,0.5333549046397126
0.4249486031932024,0.074937759488229,0.5001136373185686
0.08960326494386184,0.0006629691770807522,0.9097337658790574
0.24699209678078882,0.09199616820375467,0.6610117350154565
0.8584625005902697,0.048591694336791,0.09294580507293926
0.003203162687454464,0.7513399870796245,0.24545685023292108
0.13111765681069865,0.2567314332518058,0.6121509099374955
0.2598275482784307,0.060459246720957927,0.6797132050006114
0.31292540728878815,0.015375494642835497,0.6716990980683764
0.29051921839885764,0.04223100439919136,0.667249777201951
0.41798858510011194,0.5788201161538313,0.0031912987460567255
0.16834155824393537,0.3085148338387278,0.5231436079173368
0.6269343411489161,0.025777106751006196,0.3472885521000777
0.1002820509116722,0.20131439225258707,0.6984035568357407
0.31291350339437396,0.043533323233390986,0.643553173372235
0.3253169940887015,0.5401718029580234,0.13451120295327512
0.26966989171576916,0.1903399389497764,0.5399901693344544
0.9135602248594068,0.02762180297335748,0.05881797216723572
0.304245946205705,0.6116392147494318,0.08411483904486317
0.3185867830360831,0.03139600129749587,0.650017215666421
0.4812787395342033,0.34504537110877265,0.17367588935702405
0.07244617930732611,0.8853652017737863,0.04218861891888759
0.7545454748744578,0.05573684076082008,0.18971768436472214
0.24694548909150482,0.6163431653336264,0.13671134557486875
0.3546420614166461,0.535665089227997,0.10969284935535684
0.939237788091698,0.05499720117152629,0.005765010736775711
0.23358138615578095,0.4182977220017845,0.34812089184243455
0.7290818021048846,0.015165927810171453,0.25575227008494394
0.42350845751830435,0.45989932712414694,0.11659221535754871
0.4069509671522813,0.23484065169350776,0.35820838115421094
0.0687953420634928,0.37540385556916234,0.5558008023673449
0.08438571723060706,0.7390956957517993,0.1765185870175936
0.3525909147227031,0.10723753733371755,0.5401715479435794
0.21857797057286166,0.13926313165925186,0.6421588977678865
0.5552394335305912,0.2724610496848281,0.17229951678458066
0.3172608623495583,0.6646463260035147,0.018092811646927
0.05718979870461505,0.22518586690144793,0.717624334393937
0.25757648871468564,0.1468293765259483,0.5955941347593661
0.17764521433989833,0.017983648229517257,0.8043711374305844
0.809204554605299,0.11029068507143514,0.08050476032326581
0.21730094839272818,0.07321592674255473,0.7094831248647171
0.1772093870693523,0.44958188297888824,0.37320872995175947
0.3465640712706357,0.10600912410707108,0.5474268046222932
0.13120732043250016,0.5786230010749898,0.2901696784925101
0.18147424615487018,0.4512728117670297,0.3672529420781001
0.750375363800001,0.06816697924743531,0.18145765695256366
0.5982266411675796,0.36218407708178146,0.039589281750638916
0.12396252642116057,0.09389002502138433,0.7821474485574551
0.04383023260827401,0.5432739232585055,0.41289584413322045
0.02097503901628306,0.41255990672891896,0.566465054254798
0.04332202403866803,0.31034140737179117,0.6463365685895408
0.3903759026934288,0.013995735155182931,0.5956283621513883
0.5696813684507305,0.34649814215134866,0.08382048939792086
0.03580413150119277,0.4408298556125856,0.5233660128862216
0.5967571659267423,0.18671011851777752,0.21653271555548015
0.0725778309057048,0.46199627968441215,0.46542588940988305
0.5679532375597744,0.36832613693344096,0.06372062550678459
0.19998329994586062,0.45279176065010196,0.3472249394040374
0.4106485227177603,0.17772874926628157,0.4116227280159581
0.3459118014507596,0.47660326392031416,0.17748493462892623
0.621000427150527,0.004708460225195665,0.3742911126242774
0.28581434129157146,0.5464462937679326,0.1677393649404959
0.022052895042511844,0.24951534778286089,0.7284317571746273
0.424976955612965,0.40996382913291596,0.16505921525411904
0.8554741155748613,0.0012692855663625213,0.14325659885877617
0.29498156464130654,0.6878256793216886,0.017192756037004875
0.11901680022092687,0.3393048464984538,0.5416783532806193
0.22975968796827395,0.5213630423925579,0.24887726963916812
0.07862026589035431,0.26708405756952724,0.6542956765401184
0.47201495072548805,0.14996637185967177,0.3780186774148402
0.2730055514358716,0.6744751000414375,0.05251934852269091
0.12172551368250795,0.007600680918675939,0.8706738053988161
0.6351422432124589,0.2253232262205882,0.13953453056695286
0.10988059632570302,0.2972211190133416,0.5928982846609554
0.08770830785353145,0.04506195373072952,0.867229738415739
0.17689631698655428,0.7773670421277381,0.04573664088570761
0.706716452150671,0.20692777359555992,0.08635577425376906
0.05682172241500072,0.5279265226488221,0.41525175493617716
0.3476529744399539,0.5424716007670647,0.1098754247929814
0.3321511709997018,0.18554684019396528,0.4823019888063329
0.33953624924943115,0.48067192980846096,0.17979182094210788
0.40886807790962343,0.03669783832566398,0.5544340837647126
0.19179922700945884,0.30089426177184997,0.5073065112186912
0.4390488216238748,0.18814699679712232,0.37280418157900286
0.10308296702593411,0.1892967553739766,0.7076202776000893
0.305807283226903,0.0610768043614911,0.6331159124116059
0.2912060808032604,0.19657740634059961,0.51221651285614
0.1509391228248702,0.289657636204929,0.5594032409702008
0.047790162611358156,0.3540320473662202,0.5981777900224217
0.26763713587546745,0.27093907591954003,0.4614237882049925
0.09450120197060397,0.2488800775631328,0.6566187204662632
0.4122814121543539,0.26207603342336694,0.3256425544222792
0.49510984982349093,0.32047067989799727,0.1844194702785118
0.05909273989907038,0.5010795742665204,0.43982768583440923
0.04213230459848494,0.8626005651383972,0.09526713026311784
0.4658444386331573,0.43700344241891087,0.09715211894793185
0.05073618911153166,0.6296866142354662,0.3195771966530021
0.6616090942749875,0.2228054483520434,0.1155854573729691
0.03539629205371475,0.549448878010077,0.4151548299362082
0.37288781186951914,0.46696039012794355,0.16015179800253732
0.5288312094306273,0.1376138392658739,0.33355495130349877
0.18732567635782926,0.47530369624837854,0.3373706273937922
0.5579191154999927,0.20296478290119335,0.2391161015988139
0.689499265270459,0.10813024737811627,0.2023704873514247
0.04438926388911857,0.09551816173824612,0.8600925743726353
0.26058817977686477,0.0033760337279913344,0.7360357864951439
0.4366821340677465,0.2249748539253804,0.3383430120068731
0.4606715580324001,0.06420168899590184,0.47512675297169804
0.2932644965772244,0.4237949634420688,0.2829405399807068
0.24919774152113394,0.4876935234630182,0.26310873501584786
0.7099405390543314,0.07548199395855093,0.21457746698711766
0.04341002326079524,0.5160432191206945,0.44054675761851025
0.7227230183620441,0.09261961153930387,0.18465737009865202
0.35252894306117644,0.46992613402871375,0.17754492291010981
0.07637754171311717,0.43817079502278,0.48545166326410283
0.30326737739878706,0.3939223115814037,0.30281031101980926
0.04952107614719092,0.252409154489615,0.6980697693631941
0.8066285579639547,0.07840887417672215,0.11496256785932313
0.003489503065682964,0.14388225071430472,0.8526282462200123
0.3453413027136176,0.6498603767014812,0.00479832058490115
0.15317511129526418,0.8031872168714731,0.043637671833262726
0.6792159064399412,0.29505227815496915,0.02573181540508962
0.44660745751744435,0.5061310389611711,0.047261503521384585
0.908914049908021,0.024344215219239684,0.06674173487273927
0.21697876800509563,0.26326539491893164,0.5197558370759727
0.6740547188409871,0.028335186299158543,0.29761009485985435
0.30692887519031276,0.4575899017226599,0.23548122308702735
0.32784567751498184,0.1530648246508941,0.5190894978341241
0.060676613044488015,0.6179453240499877,0.3213780629055243
0.211816949755546,0.07980819613226342,0.7083748541121906
0.17880089718839165,0.7185813997623605,0.10261770304924789
0.10617722819757724,0.7008951565900166,0.1929276152124062
0.4010695283316117,0.4718418546353642,0.1270886170330241
0.21113157578871933,0.28693015543943434,0.5019382687718463
0.058570173196973885,0.736626746461639,0.20480308034138717
0.9000280262939553,0.06656538822439839,0.03340658548164632
0.04598910584665683,0.7710738075470644,0.18293708660627872
0.13071381897594536,0.7891278815433047,0.08015829948074993
0.7173251045841162,0.07038257458884578,0.21229232082703797
0.06068095506544746,0.7908978206248285,0.14842122430972404
0.050280653480009985,0.32902597191750105,0.620693374602489
0.021365005435474593,0.24075960443783218,0.7378753901266932
0.7005780244299535,0.0021582635033070563,0.2972637120667394
0.4149172501872471,0.05349666079694315,0.5315860890158097
0.8808591835082491,0.0681341936246751,0.0510066228670758
0.06250874930107164,0.08136926443926473,0.8561219862596636
0.08466746021079707,0.38892496392560005,0.5264075758636029
0.509814363264794,0.285543581056809,0.204642055678397
0.009995115954571032,0.7591589671674677,0.2308459168779613
0.11985589321516743,0.7071908884142855,0.1729532183705471
0.3451998383646899,0.2337233812485724,0.4210767803867377
0.1497493492862072,0.47270728212062596,0.37754336859316684
0.19349746222793418,0.07485354220825857,0.7316489955638072
0.12698112676625195,0.44411091756442045,0.4289079556693276
0.008719218110419646,0.44801033935208534,0.543270442537495
0.13497889842172195,0.7343838103132423,0.13063729126503576
0.27193955581583995,0.3917794854087244,0.3362809587754356
0.7700335091577488,0.16545283537197508,0.0645136554702761
0.0836312362087881,0.42702678995279975,0.48934197383841216
0.31246720674887607,0.6083759288116262,0.07915686443949776
0.5363561124862861,0.29280669885098964,0.17083718866272424
0.776819576748154,0.11632326219098887,0.10685716106085708
0.7639501842260128,0.008547582273504384,0.22750223350048282
0.1562067894208441,0.4316672342349823,0.4121259763441736
0.2051441331091859,0.0912112849645268,0.7036445819262873
0.08126809530741741,0.049653780007706594,0.869078124684876
0.009735976999407425,0.35799119732706974,0.6322728256735228
0.284467922389104,0.26959465397041327,0.4459374236404827
0.21575562937694404,0.6638303557577783,0.1204140148652777
0.019667345010955684,0.44124834820116154,0.5390843067878828
0.043442962785578576,0.026521645541007555,0.9300353916734139
0.19569871586761556,0.22041631178345877,0.5838849723489257
0.6074159772189363,0.37085776155790273,0.021726261223161014
0.5308324838907772,0.08295042873937186,0.38621708736985094
0.8095780455414572,0.11203106664578133,0.07839088781276149
0.2780178181770132,0.4174066325452026,0.3045755492777842
0.10695938160206042,0.8663759590268518,0.02666465937108775
0.11349136978333463,0.4765196943553165,0.4099889358613489
0.3841605347786192,0.35692560606391344,0.25891385915746734
0.33024464978181056,0.6275382645431336,0.04221708567505589
0.4614187986337799,0.11571863640861091,0.4228625649576092
0.1557728573884276,0.6558093073323583,0.18841783527921407
0.8853221365226553,0.04539115751945011,0.06928670595789455
0.5740495613428003,0.2640080390061994,0.16194239965100032
0.6401857572197596,0.18755454578058872,0.1722596969996517
0.18978996498781497,0.6763764820037796,0.13383355300840538
0.3801283910788067,0.23471555044842796,0.38515605847276535
0.8229007547225979,0.1495506873173802,0.02754855796002187
0.26714008519086696,0.6604678241449002,0.0723920906642328
0.031882891402676306,0.48985237102355406,0.47826473757376964
0.40127805105242453,0.41412468999656094,0.18459725895101453
0.08110185662135327,0.1988119771155865,0.7200861662630602
0.0068650949997450805,0.17942008525717767,0.8137148197430772
0.1627937189734998,0.5918322500060336,0.24537403102046662
0.12032658949908859,0.08861663787805019,0.7910567726228612
0.3538862014872335,0.25630625945621066,0.38980753905655585
0.10456360713689317,0.24982515973123642,0.6456112331318704
0.3621968925021575,0.21939905672808946,0.41840405076975307
0.6225583287601568,0.2851866120074311,0.09225505923241206
0.39566723020850847,0.3679112319932787,0.23642153779821284
0.3527344043937024,0.0685797420916241,0.5786858535146735
0.5525053521968653,0.2009395404255574,0.24655510737757735
0.014298416836666439,0.2428127528389521,0.7428888303243815
0.2713479007131281,0.17285817583015417,0.5557939234567177
0.1169090251694418,0.054873450502907595,0.8282175243276506
0.21253096060350374,0.4205996507346026,0.36686938866189367
0.5332776063957387,0.195077386032257,0.27164500757200427
0.2739804429261452,0.026587156218337737,0.6994324008555171
0.3752762675667407,0.36867832503897735,0.25604540739428194
0.2200683562689889,0.059443246185974186,0.7204883975450369
0.32286463635591756,0.20700205376835523,0.4701333098757272
0.21206393696145343,0.4108987927298373,0.37703727030870926
0.35404410707152323,0.05150464409538924,0.5944512488330875
0.10255304754334449,0.1366720139641957,0.7607749384924598
0.23163211752120683,0.6791250253687489,0.08924285711004432
0.21729938097357548,0.18381118964747456,0.59888942937895
0.12769540067041962,0.8587881089936191,0.013516490335961251
0.21841447827561322,0.32328701357691636,0.4582985081474704
0.0864589629329271,0.5830755759759185,0.3304654610911544
0.03859375759032768,0.4810535264126854,0.4803527159969869
0.4836271150182865,0.37423252363572623,0.1421403613459873
0.1669961460428322,0.0739107670455954,0.7590930869115724
0.14781439233552573,0.5209462330526984,0.3312393746117759
0.3767895174850151,0.12027421007941164,0.5029362724355733
0.6856844574263827,0.1175250636165368,0.19679047895708046
0.3365732797978709,0.200999600574173,0.46242711962795613
0.08682910458499205,0.3786310998289799,0.534539795586028
0.3723429738788897,0.4336939662925705,0.19396305982853979
0.2475377765352167,0.16547301818468663,0.5869892052800967
0.8333361197155817,0.061833610530872773,0.10483026975354548
0.46542723139451736,0.2464502667452615,0.28812250186022115
0.18823489498128332,0.6287991478325339,0.1829659571861828
0.6591546433531159,0.0745051252117559,0.2663402314351282
0.42842189134777975,0.37898796775938615,0.1925901408928341
0.08125861658238054,0.02199219119043261,0.8967491922271869
0.38945862518914987,0.042935292633770716,0.5676060821770794
0.11833736501636638,0.34871686846118766,0.532945766522446
0.3800341081283647,0.5750723920304801,0.044893499841155204
0.49405904150369206,0.2559275293535912,0.25001342914271674
0.26911761751700025,0.5188072642375876,0.21207511824541214
0.19610334517742523,0.3124249267128585,0.4914717281097163
0.22740371569496598,0.13502438896471491,0.6375718953403191
0.18121484240237828,0.6081727180746654,0.21061243952295627
0.4367133600369004,0.03600389800247217,0.5272827419606274
0.3529293344204918,0.28218065959334027,0.36489000598616794
0.05950513338218122,0.2004797576590729,0.7400151089587459
0.33136089533241075,0.6566931240756639,0.01194598059192531
0.7005553656720911,0.014969105572663732,0.2844755287552452
0.09054941771350489,0.8122688665501667,0.09718171573632839
0.46562569401867937,0.24880943917300757,0.28556486680831306
0.1891066283747478,0.20276081332711438,0.6081325582981378
0.10306739493736661,0.6218609945347118,0.2750716105279216
0.2976473164967739,0.2311937952184464,0.4711588882847797
0.6108369743471587,0.0007388376615882208,0.3884241879912531
0.17105173539317953,0.5405023549504224,0.28844590965639805
0.20077006511228634,0.7531280163344058,0.04610191855330781
0.3928709440339131,0.5160371029228328,0.09109195304325413
0.8479985180040572,0.11517459583960532,0.036826886156337446
0.4464390738122641,0.2696612670660308,0.2838996591217051
0.3471488559250355,0.41615639665116055,0.23669474742380392
0.5434734041138098,0.14628386052801212,0.31024273535817803
0.003932261503603485,0.6939936821466721,0.3020740563497244
0.3271844982751644,0.6061916155914229,0.06662388613341275
0.3157181591586593,0.30945101291539934,0.37483082792594136
0.386203190988625,0.5819123644961341,0.03188444451524086
0.5426589900190777,0.3925338996553678,0.06480711032555453
0.38190417747683214,0.11718728785653543,0.5009085346666324
0.3647555465444845,0.35132491089125684,0.28391954256425866
0.07096240326069547,0.3648417659922716,0.564195830747033
0.11213101566874073,0.7183994094344501,0.16946957489680914
0.014206090111056335,0.06848559704190893,0.9173083128470347
0.7187985633561134,0.13134604217545998,0.14985539446842666
0.40574969046850273,0.4469203114720455,0.1473299980594518
0.018310443108180197,0.6586283121277927,0.3230612447640271
0.2082505413123774,0.6327747957610161,0.15897466292660645
0.4157541753637002,0.47888189538517145,0.10536392925112836
0.5742088063380555,0.07713982271346964,0.34865137094847487
0.10480109930775905,0.5340176270645984,0.3611812736276425
0.5629283505356553,0.1076311899250364,0.32944045953930834
0.13512593461570632,0.5890236858189764,0.2758503795653173
0.7868621847773325,0.014514155812117346,0.19862365941055016
0.122839001864125,0.5963525365080433,0.2808084616278317
0.1292639128468014,0.43379608202598785,0.43694000512721076
0.07002418290469281,0.25289709100693947,0.6770787260883677
0.10593586977908398,0.2490823615044815,0.6449817687164345
0.23228991091577034,0.04592895212115522,0.7217811369630744
0.09837933003536659,0.36863340662058053,0.5329872633440529
0.5505647340094888,0.36164276014063845,0.08779250584987275
0.6215682660304389,0.275938946595226,0.10249278737433509
0.6725209610982994,0.16842860266230586,0.15905043623939474
0.3348947270349012,0.6612819209215701,0.0038233520435286827
0.5693275543931993,0.2891792401300346,0.14149320547676614
0.6648098169354646,0.3114117818058235,0.02377840125871189
0.011605641925958476,0.6853182902765405,0.30307606779750107
0.6155273618090973,0.18595946178169798,0.19851317640920474
0.24937578892198076,0.17747549892154835,0.5731487121564709
0.8442150407173921,0.0035635761267847066,0.15222138315582323
0.21007715238938163,0.7138641829827606,0.07605866462785782
0.13298258836582666,0.8284061510955143,0.03861126053865904
0.21755982450305256,0.20604799176893107,0.5763921837280164
0.09309298178164171,0.13910007306954997,0.7678069451488083
0.6271084946553622,0.14239233437120613,0.23049917097343164
0.43836023287240966,0.33993864338217894,0.2217011237454114
0.46267414412084507,0.034865810030047184,0.5024600458491078
0.2155325282692364,0.674737972702659,0.10972949902810458
0.008552286417476962,0.9867561878109632,0.004691525771559846
0.7656899501214565,0.1839797497354565,0.05033030014308704
0.13466357321108657,0.6200311798284599,0.24530524696045353
0.4041072286311944,0.14341346939512944,0.45247930197367614
0.09866555208260541,0.3251382165844956,0.576196231332899
0.39399093466585033,0.3035409508240128,0.3024681145101369
0.13567983492005276,0.3915217865262095,0.47279837855373774
0.1114011131777326,0.754620514198685,0.13397837262358236
0.3383912897273851,0.48891150605742384,0.17269720421519108
0.5842953854500035,0.2107889007873569,0.20491571376263962
0.10135622386013354,0.6345569586584847,0.26408681748138174
0.31632293963890556,0.5225078754256443,0.16116918493545018
0.6457548937095698,0.10611352001824059,0.24813158627218956
0.041641042388496086,0.3211009415137527,0.6372580160977512
0.46781443314720805,0.2071387792230357,0.32504678762975625
0.217796502084733,0.1154771665273242,0.6667263313879428
0.3982856314062053,0.009564459137355374,0.5921499094564393
0.46386153943019925,0.11134471656936151,0.42479374400043923
0.1666317825910264,0.7349413028946274,0.09842691451434615
0.34736953713376884,0.5306718746259891,0.12195858824024208
0.10767251309430437,0.8419311181817426,0.05039636872395303
0.17308382493113084,0.4604374603174928,0.3664787147513764
0.767917835207947,0.08201786165914493,0.15006430313290808
0.4059329424304392,0.5173491172329474,0.07671794033661339
0.6444996516941812,0.09355024985254046,0.2619500984532783
0.20161156807577174,0.5219470321705861,0.2764413997536421
0.44858963316382106,0.17790588998729895,0.37350447684888
0.028663746551946367,0.8342670420782581,0.13706921136979555
0.08469702049271244,0.3713911456826937,0.5439118338245938
0.21714170319478,0.5399073187115679,0.24295097809365207
0.20450272523928192,0.1615986614732654,0.6338986132874527
0.09700302794395732,0.8856395428291937,0.01735742922684902
0.395479689054236,0.5177719735109667,0.08674833743479726
0.09469533531422902,0.41539707845260265,0.4899075862331683
0.06514387027267543,0.81267886831625,0.12217726141107454
0.5521255127277842,0.2081165234365039,0.2397579638357119
0.041871324264209475,0.6298027182242008,0.32832595751158977
0.09855359052391055,0.702425869758736,0.19902053971735345
0.6929584936682871,0.15361494525731256,0.15342656107440034
0.7407071191497749,0.11000340147444998,0.14928947937577508
0.7221812425752439,0.2349402645640224,0.04287849286073375
0.09283890057603172,0.767473509984095,0.13968758943987325
0.17252782346790374,0.7764097359713413,0.05106244056075493
0.11874943806401661,0.8419058612688575,0.03934470066712592
0.7148210736040534,0.13825562741236674,0.1469232989835798
0.025574551582249416,0.7311523129192208,0.2432731354985298
0.3343362929047755,0.13107350705787657,0.5345902000373479
0.05364002267302892,0.29818217036572836,0.6481778069612427
0.4979935486027107,0.18681292626806223,0.31519352512922705
0.09686181386714621,0.7245570133387151,0.17858117279413865
0.6726101878291695,0.04234665942285254,0.285043152747978
0.02041064696152972,0.7768329641002318,0.20275638893823844
0.8367163571718366,0.1097876746462656,0.053495968181897835
0.3921599636614206,0.1376214899528838,0.4702185463856956
0.32896617977335674,0.30691530857593063,0.36411851165071263
0.5778544434303758,0.2579024566768142,0.16424309989280994
0.5435413499763582,0.07992109242316059,0.37653755760048124
0.06612178822873105,0.5951980405109927,0.3386801712602763
0.1963746609765069,0.48465254471830455,0.31897279430518855
0.36508905533051816,0.5820848864907999,0.05282605817868191
0.7446364134542522,0.13269480684344925,0.1226687797022985
0.6323171111760784,0.2818113871612,0.08587150166272162
0.44872282638498984,0.12273496963140018,0.42854220398361
0.5024201746996506,0.09176155798088015,0.40581826731946924
0.15815554092593032,0.8082732799218693,0.033571179152200425
0.27108680859385426,0.09357212803042003,0.6353410633757257
0.5234668031500631,0.2747520764264364,0.2017811204235005
0.46346066083867,0.19435940241201832,0.3421799367493117
0.03258237806699693,0.9260774806829528,0.041340141250050255
0.36691077513794457,0.2710612616169281,0.3620279632451273
0.8114698569171235,0.14166656945149692,0.04686357363137961
0.5151415433574971,0.24673677518159098,0.23812168146091195
0.4042690824164066,0.40758483965267955,0.18814607793091387
0.8633689295796447,0.07025815711944072,0.06637291330091455
0.5230803361941705,0.180479147246148,0.2964405165596815
0.11084241164439601,0.38892355723735483,0.5002340311182492
0.4245823952214429,0.28326419489284005,0.29215340988571703
0.7315527712404994,0.0735553919277796,0.19489183683172095
0.6110544820003712,0.2556339830218848,0.13331153497774406
0.07413765182185594,0.6188349880102568,0.30702736016788723
0.3965551096523765,0.2530940684807943,0.3503508218668292
0.018546627916435687,0.8002325380852056,0.18122083399835875
0.06426936395250826,0.8801441926558984,0.055586443391593354
0.3206348690653278,0.5832811995630485,0.09608393137162374
0.7144353229690774,0.04874442271191626,0.23682025431900633
0.07626630827535252,0.37632323647264543,0.547410455252002
0.3489921302887855,0.4935692163910983,0.1574386533201162
0.6093276859846564,0.09805846391044626,0.2926138501048974
0.22463809492865106,0.7303272192136541,0.04503468585769488
0.4578702313327878,0.4163086423875322,0.12582112627968
0.2698516566836604,0.20597387694309321,0.5241744663732464
0.39330979287960477,0.371326074718868,0.2353641324015272
0.24526987362492747,0.08606744093856222,0.6686626854365103
0.3752407345646447,0.053444048996139415,0.5713152164392159
0.22252389471013534,0.4029140521051626,0.37456205318470204
0.47146859166932464,0.30219067608785943,0.22634073224281592
0.7289742138489341,0.23291566594179525,0.038110120209270626
0.27127143141367216,0.5287314244032124,0.19999714418311543
0.35008234428885565,0.5528319186468631,0.09708573706428125
0.06833237426638039,0.24479019605023056,0.686877429683389
0.06769163533373534,0.6424784385743971,0.28982992609186753
0.8397559422114533,0.08940112177715864,0.07084293601138802
0.383960053837056,0.3926227902258872,0.2234171559370568
0.0468600007631359,0.4919277917872722,0.4612122074495919
0.17730686087963865,0.6123006529950417,0.2103924861253197
0.4978469287289693,0.25641239050588327,0.24574068076514743
0.3135201100970062,0.10972211925082886,0.5767577706521649
0.5523271543903439,0.3623670831703161,0.08530576243934007
0.628992761943111,0.2595679971883873,0.11143924086850165
0.002497836361496475,0.7815329959588986,0.21596916767960495
0.3327647712131343,0.1387964667389736,0.5284387620478921
0.3950964254344287,0.03641140661508646,0.5684921679504849
0.4283964103455802,0.5617975890569895,0.009806000597430309
0.21634443057297603,0.262581310264552,0.521074259162472
0.3277059946321681,0.6557197538541328,0.016574251513699068
0.0707342924547778,0.308338005094398,0.6209277024508242
0.7955722652944304,0.14994106525580886,0.05448666944976077
0.6741869253094552,0.07131161689219456,0.2545014577983502
0.45522115379550976,0.4209494912727372,0.12382935493175307
0.3974112404979808,0.008174255851973955,0.5944145036500452
0.4010528876098587,0.2606350112756193,0.33831210111452203
0.49724498622049706,0.19292762959783882,0.3098273841816641
0.30262102707663074,0.3580448661645419,0.33933410675882736
0.06811400929157374,0.2210317117538596,0.7108542789545667
0.07660338525381749,0.4628247249651074,0.4605718897810751
0.14249006922615082,0.2843088228225015,0.5732011079513477
0.20031714453835936,0.5109470290242304,0.28873582643741025
0.43753944297302017,0.020589813151613123,0.5418707438753667
0.19810507552564238,0.22226548182367334,0.5796294426506843
0.11496583371221791,0.20398736333899015,0.6810468029487919
0.11953277202013735,0.049002966396313186,0.8314642615835495
0.9709599133727145,0.026938746123081003,0.0021013405042045186
0.3490583404087926,0.2973958974477984,0.35354576214340905
0.0943079430486593,0.01819121253647693,0.8875008444148638
0.16165816934808497,0.1783737712964637,0.6599680593554513
0.4456726359677199,0.05097825962303504,0.5033491044092451
0.05006329271431231,0.1194568185136482,0.8304798887720395
0.450919691369734,0.003882751430799525,0.5451975571994665
